1.9667572999
1.96546011686
2.24373693526
2.1010786885
2.16202855349
2.48228834033
2.34774878263
2.07457269669
1.96524849951
1.88781247616
1.76228881717
2.091455127
1.84396178484
2.14288966179
2.09394344091
1.65372091234
2.19398442388
1.79642751157
2.05027871728
1.56487080216
1.75004756212
1.86634258747
2.08208298326
2.35285794377
2.09321637034
2.23656814277
2.23461209416
2.27713771582
1.8739482522
1.96141683221
1.58009786725
1.59789313912
1.33828224063
1.80533554912
1.50315612137
1.53621322274
2.02555407286
1.64891663074
2.07789255619
1.78546382189
1.99447080731
2.12231410503
1.97445782661
1.86972253799
1.54907783628
1.89315869689
1.893965801
1.73388168812
1.9844643569
1.52094108343
1.25263931394
1.93870839238
2.10879406691
1.84057048559
2.37286731124
1.86753668725
1.61400196671
1.66612794518
1.65772917867
1.81366183996
2.07071587443
1.77185775638
1.37200252056
2.34756461978
2.23484357357
1.4431510818
1.81805630565
1.65152062058
1.45209820628
1.6691507411
1.91462116897
1.51747835636
1.59915874124
1.5348592329
1.64124960303
1.62843037128
1.93248471856
1.95470977783
1.67918848634
2.12418050289
2.1577244091
1.72430542409
1.58382925749
2.02634012818
1.99676641583
1.54286093593
1.67794775069
2.47660170317
2.05472730756
1.62594689369
1.8317957139
1.69724168062
1.98693321586
2.04213666916
1.87748564482
1.49986588955
1.75530423522
1.50986599445
1.30419295311
1.50298859179
1.44701853871
1.40828880548
1.62331434369
1.66085053325
1.42472132921
1.74474561274
1.82917263389
1.5308152324
1.46552318811
1.5121435833
1.52650747061
1.64271492839
1.43320518374
1.76380267382
1.67696032703
1.42724082947
1.95744931817
1.47641462266
1.6537414825
1.31721013665
1.5531053555
1.51303552866
1.77512072325
1.8395358336
1.66598680139
1.83984667063
1.84033562183
1.80034804583
1.53017619252
1.59234127522
1.34475521445
1.34761412501
1.11268070459
1.45560557485
1.18493685365
1.32141287982
1.68988519967
1.32289218366
1.71669029176
1.4829976207
1.59585984468
1.77288025439
1.58152374506
1.50540260792
1.26581459165
1.57767708182
1.43761300683
1.47996787369
1.6010080409
1.25235660195
1.01595528603
1.60384316444
1.75182974577
1.54258687735
1.88229527354
1.55633615017
1.36587806225
1.37922212481
1.37860385299
1.58915621102
1.68923820168
1.50183569312
1.15815971017
1.86861174822
1.88585168123
1.16537835717
1.52789421201
1.53465164661
1.24126953363
1.4152977097
1.57316917241
1.33020965695
1.44543662786
1.35096449375
1.37928287625
1.41311216712
1.68171513438
1.7373395139
1.42755166113
1.82316973448
1.7828085053
1.4451184845
1.35236777604
1.75318590343
1.72543138146
1.26799742877
1.43307190418
2.09220573425
1.72018287301
1.44222937226
1.58319533467
1.50290821075
1.73200148046
1.68252102017
1.58481140971
1.2652636826
1.48073371708
1.24552791834
1.12111540973
1.20756836414
1.2450429374
1.1829425168
1.31741143584
1.41918317318
1.24240580022
1.47384084642
1.62505462527
1.3274954915
1.25387935996
1.33437344015
1.32614093661
1.43924111366
1.24195861995
1.5488722378
1.46411361098
1.28683071375
1.72467701316
1.35029788733
1.38677964211
1.10687180042
1.32987566769
1.25551937282
1.55422788918
1.61223689139
1.44421770215
1.65554703712
1.61221965432
1.55584885478
1.30552374899
1.38009056091
1.1619681704
1.22771716118
0.96441665411
1.28387695551
1.04541642368
1.13454641461
1.42307713211
1.19376135707
1.43203281403
1.27540268242
1.35857503057
1.55283259928
1.45890775681
1.28972769856
1.07435281813
1.37100768626
1.26427465439
1.31607265592
1.41261868358
1.12389150143
0.875355627537
1.39308863759
1.51350347996
1.36383004189
1.6085845542
1.32384258926
1.22916112542
1.20921234488
1.248852458
1.40893683791
1.53516928941
1.33608379245
1.02646730185
1.63131237268
1.69581718802
1.0015709579
1.29640971124
1.29191304624
1.12377263606
1.27175551713
1.35113453031
1.19133814394
1.28303301096
1.18406860113
1.21736758709
1.19427518249
1.51695351124
1.46447740734
1.26492661715
1.59540331841
1.59358796358
1.26877809644
1.1988800317
1.51574740946
1.48643409967
1.13828072965
1.25648031831
1.74566141009
1.5204371798
1.27965133429
1.4253792274
1.3357336092
1.48967743993
1.44938462555
1.38204635739
1.05949773073
1.29032712579
1.04051394224
1.00561318696
1.07943520367
1.120421592
1.03235402048
1.16976969242
1.24586804628
1.0791266048
1.33220987856
1.46094963253
1.2189676702
1.1359849745
1.17632355303
1.18416292548
1.25490059435
1.07135122597
1.32010778785
1.32209599316
1.17946207643
1.51045421958
1.26336160302
1.24304211318
1.01607165694
1.16988909245
1.09939517856
1.38234194636
1.41324682772
1.27448552012
1.48556796312
1.42421998501
1.36369885802
1.13730346441
1.22501355886
1.10046217859
1.10667247295
0.851146086454
1.07847373486
0.96730864346
1.02128020406
1.25881902099
0.986239869595
1.27081046343
1.10301381171
1.19952626526
1.36181895733
1.31142696857
1.15485891521
0.974233700037
1.20744125947
1.12173224986
1.17905702591
1.30183652341
0.992241359949
0.783749561906
1.21728237689
1.31317220032
1.1787528491
1.37086877048
1.15429402411
1.08377693415
1.08402647018
1.05456107378
1.2593003726
1.34163054794
1.18041365802
0.944238218069
1.45369502962
1.49847832441
0.890706373453
1.13784953415
1.11479390383
1.05124872565
1.1412432909
1.20043308914
1.06457691431
1.15345294297
1.09156221867
1.104397192
1.0358165884
1.39365614116
1.33003163338
1.1184011519
1.41937993824
1.40493145525
1.16693032801
1.07721875548
1.2767079097
1.33787560701
1.05587096334
1.14662206411
1.52300209284
1.34174059719
1.17728378356
1.29092500329
1.22771918535
1.31591212451
1.31570843816
1.24889958024
0.951818543077
1.1409509021
0.942365410328
0.859226215482
1.00433149338
1.01401858628
0.918223201036
1.08309060097
1.13588443995
0.975196803808
1.161616382
1.35281184673
1.0870086205
1.05115396738
1.05881979614
1.06851080269
1.14338099301
0.98708317101
1.16533395648
1.15212933183
1.0802281183
1.40015963197
1.16710784256
1.09197538257
0.924024536014
1.06865363896
0.960303089023
1.25877690256
1.28828177214
1.18546583593
1.33219848335
1.29730378985
1.22642851591
1.01259783268
1.12942571759
0.97630284667
0.995089192986
0.786022866964
0.88633723557
0.865306693912
0.91457534492
1.16256608784
0.894542756677
1.19354161322
1.0327366817
1.05857900262
1.27340938807
1.21023520589
1.05357342541
0.839427162409
1.10497635782
1.00168765366
1.07246245384
1.1375599426
0.861963478327
0.706072345376
1.10334622562
1.19054571092
1.1045937115
1.21756286323
1.07814640522
0.929483322501
1.00255842894
0.944493710399
1.16966087759
1.22230913818
1.11118967593
0.853805974722
1.35615233123
1.38389262915
0.833947376013
1.01537195683
1.03223759472
0.957988453507
1.05038241863
1.1128548032
0.988510191441
1.08269320905
1.02357930183
1.00597866178
0.98934754014
1.28149676204
1.21505385518
1.08453957915
1.3276339674
1.31557612121
1.02247709811
0.955030670762
1.16199086666
1.22369297355
0.958739738464
1.02872579992
1.33820958316
1.25857574105
1.09726917684
1.1901971072
1.14577150881
1.20649876118
1.1458645165
1.10915948689
0.885863158703
1.07403307557
0.873867225647
0.797461173534
0.895452501774
0.923160457611
0.869860695601
0.968597999811
1.02901614547
0.885379565954
1.08258821666
1.25277302563
1.04571960062
0.975014881492
0.994465085268
0.970317041278
1.03496083617
0.894351333976
1.0532731992
1.08013021708
1.01965438485
1.29072094619
1.09253134429
1.0031387502
0.850211315751
1.05460753322
0.891624681354
1.15884931803
1.20094875276
1.06006222248
1.25809054971
1.21968691766
1.14764431059
0.92122838676
1.01318714082
0.918922619224
0.906630721092
0.708226762414
0.810420018733
0.812843394279
0.837212794423
1.05480269253
0.851324899197
1.0647857219
0.942160343826
0.981089990735
1.1547025007
1.14413688183
0.967427687049
0.769788470566
1.0073961094
0.924996307194
0.949245018959
1.07144444346
0.779235213399
0.648625038266
0.998702730834
1.12311074018
0.972334200144
1.15452489316
0.968426105976
0.841204497218
0.864158079624
0.871515901387
1.03384424388
1.11103852183
0.995359587073
0.827753463387
1.2212841934
1.26810814321
0.734439968467
0.882383160591
0.916213027835
0.87024620831
0.956478427649
1.03480369002
0.940974727273
0.984574897289
0.915780693889
0.953850269318
0.91438108027
1.15835865974
1.11208033621
0.993592652678
1.20762668788
1.20642203927
0.925830583572
0.875488042235
1.05717538655
1.15969704151
0.86794277072
0.967346076369
1.25892035842
1.14126393467
1.01238062441
1.11346310139
1.03494613051
1.10004552543
1.08607220829
1.04310427964
0.827629359961
0.980409024358
0.787247292995
0.741450710893
0.885212293863
0.859254335165
0.802743473053
0.864483128488
0.962651574314
0.826230493188
0.967117134631
1.16181798816
0.996206911206
0.886971458793
0.936502718627
0.899080116153
0.963709875941
0.837517328262
0.975474011898
0.952763569951
0.961517323852
1.19894852519
0.99019564867
0.909334960878
0.768228232861
0.938546988368
0.819526507258
1.10269276142
1.14099967539
0.962371656001
1.13585415125
1.09878057659
1.05264353871
0.851082517505
0.944740248919
0.856528232694
0.831948196888
0.656693547368
0.730425038934
0.751797696948
0.778323943019
0.951414321363
0.796480767131
1.03708173752
0.871871138811
0.937174258828
1.07635892928
1.0874868831
0.895047115088
0.710624288023
0.982010763586
0.867365275025
0.888878476918
0.938223441839
0.733031670451
0.598358184993
0.901715849638
1.08737749398
0.940305190384
1.03333438098
0.881562737226
0.767526317239
0.830291024446
0.795991527438
0.960810320973
1.03045948207
0.908475193381
0.756562360525
1.11968736887
1.14172928035
0.712149412036
0.817457001358
0.876620434523
0.816297765374
0.861555501223
0.956579259038
0.873502193689
0.934593163133
0.865211143494
0.889629861116
0.864126537442
1.09409328282
1.0374798283
0.90923625052
1.10775371194
1.1049012655
0.861026167274
0.820230077207
1.01251801372
1.07202056319
0.800741247237
0.872066118419
1.14267606616
1.0670136258
0.926148356199
1.04560625494
1.01710340917
1.04901197612
0.998407037854
0.970773396492
0.767107627988
0.91810420379
0.748116307855
0.691853045821
0.799156391025
0.819727393389
0.752183079123
0.815696970224
0.931671782732
0.779805940986
0.950119768977
1.07378562331
0.93163062185
0.819070022106
0.84518856734
0.849915412366
0.864320618212
0.788852723837
0.88493437767
0.953253624439
0.905803171396
1.13315408409
0.955397493839
0.877147487104
0.732768617272
0.915820047259
0.767286531925
1.07081790924
1.11297068119
0.932075235844
1.05865284026
1.02737922132
1.01090147436
0.806835291386
0.850540469289
0.826651997566
0.785241596699
0.625016064048
0.67124600172
0.686380794942
0.717964020967
0.90633415997
0.733490964472
0.978278053999
0.825898185074
0.872727206945
1.01973474443
1.04346596509
0.861353670955
0.682309533656
0.927131974399
0.773627516329
0.831389963329
0.881096329093
0.684105554819
0.583594213873
0.851963554025
0.968481705487
0.909062066972
0.979080342054
0.876138979197
0.729034270048
0.768142068386
0.775477468073
0.903989421129
0.957950948775
0.826327927113
0.712008094192
1.07406178296
1.07974668562
0.659352720976
0.7934085989
0.838074661791
0.793844407797
0.839502825737
0.883979957104
0.81954115212
0.892168342471
0.80800470829
0.847772302628
0.791492380202
1.02254987299
0.942490541488
0.836480633914
1.00838624418
1.02483482718
0.763833526373
0.726292307079
0.970805052519
1.01219415307
0.770142650902
0.840736770332
1.11754153907
0.988661411405
0.865901513696
0.987883605659
0.910680666566
0.952173742056
0.923232046366
0.908751249313
0.743760334849
0.874516076744
0.701589043438
0.659513836205
0.76300088048
0.756293881536
0.698583016992
0.760746977627
0.859013524354
0.739139106274
0.858931941092
1.07956395805
0.877757913172
0.790092146993
0.800660805106
0.81417951107
0.829432716668
0.734469857812
0.871256731153
0.878655570149
0.869324692488
1.04339191496
0.902723415494
0.824228079915
0.705653222799
0.824636989236
0.749450797439
1.01182854682
1.06251425922
0.870962293744
1.03099831998
0.956298217177
0.977548614442
0.736491618752
0.856536664367
0.779306328893
0.765754685998
0.592812424004
0.612252829671
0.659643767774
0.686247565746
0.840818798244
0.721088446975
0.924006585479
0.784450394213
0.820982348323
0.980277562737
0.982901702821
0.835313057303
0.646568673849
0.863051469326
0.728888959289
0.760246990919
0.815984293818
0.638296750486
0.549032985419
0.801481711268
0.892376046777
0.789707417637
0.949756992161
0.828015141487
0.66374929145
0.704294069707
0.717573180348
0.830655468106
0.91824350819
0.795368654728
0.660333148837
0.97676083684
1.01890422285
0.608217587769
0.74162097916
0.794048756361
0.726987455487
0.786613220274
0.834042988718
0.781472212374
0.841669412255
0.729841845632
0.806948320568
0.750931278765
0.955614271164
0.904296879619
0.800946550369
0.954317035079
0.965437203646
0.681811322272
0.696412024796
0.877883189321
0.964326409698
0.733117375374
0.775500735343
1.03992044151
0.913697189391
0.814892189503
0.948950329423
0.860398021936
0.937009589076
0.86512443006
0.883293811679
0.69839805603
0.803446326554
0.6599263978
0.620128603876
0.715093393922
0.704462404847
0.645719617009
0.766989608705
0.853861732483
0.689236946702
0.852423523664
1.02520999551
0.859518632293
0.737784402072
0.748998160362
0.762933500409
0.770455516428
0.737997421622
0.858261337578
0.838791289032
0.824426110089
0.991913177073
0.874338368177
0.770030423701
0.630285464525
0.782072598934
0.694683200121
0.930654568672
1.02363465458
0.868688524067
0.947244846225
0.922338610888
0.938698424101
0.710322819948
0.77048476696
0.740182762742
0.71716796875
0.528330433965
0.597484708652
0.61111869365
0.644739415348
0.816859509945
0.691085605025
0.865534879863
0.728920353651
0.720664640367
0.908020163774
0.968313780427
0.7582603544
0.603890963197
0.79978248626
0.717809678465
0.73362752229
0.763558916152
0.604030037522
0.527129236013
0.730354757011
0.876662875116
0.750384666771
0.88666781038
0.82055375576
0.623393758237
0.644264447987
0.708812704384
0.785749879479
0.845449035168
0.749734427035
0.630628779829
0.932105453908
0.970462887883
0.579344198108
0.66983218655
0.748657261431
0.670121798515
0.742701941431
0.792372097373
0.742300191522
0.779219187796
0.685707581341
0.76692260772
0.690190465897
0.900905757546
0.839100375324
0.75458883673
0.885475119948
0.9315371418
0.623125334382
0.682808316946
0.797366567254
0.902838076055
0.685440610051
0.737328367829
0.962979496419
0.854134789705
0.784665747285
0.888788322806
0.79305427134
0.830592347682
0.815502311587
0.839208741784
0.639017460346
0.808032360524
0.639059019983
0.597711256444
0.695853639245
0.689322509766
0.589773615003
0.728984583914
0.807631957531
0.659304139614
0.776181371808
0.972506251931
0.813609770834
0.693743069768
0.752909462154
0.718977079093
0.738522371948
0.654081455469
0.78841037333
0.792695973814
0.782651408017
0.942610757351
0.821772921383
0.71796130389
0.599365029931
0.747104215622
0.666943025589
0.880296423137
0.92222401768
0.753772597313
0.860587694049
0.815266000032
0.917533133626
0.690871890187
0.747967982888
0.709914786816
0.680268679261
0.503460767269
0.572518068999
0.579719803035
0.630110438764
0.762465377674
0.655162613392
0.832218791246
0.700481334329
0.692661259174
0.856190152764
0.886381287873
0.706134440303
0.558073511869
0.777900449336
0.65074769944
0.702124377787
0.723887571394
0.563061236441
0.492611376643
0.703817616403
0.80453392297
0.722296339124
0.848378046155
0.742563623786
0.582914984375
0.603627196848
0.671030974984
0.750169137716
0.782804046571
0.692336962819
0.581291279197
0.844825464189
0.886094986796
0.570607091784
0.630429014787
0.698667180389
0.649871099889
0.689952346683
0.737617476881
0.686430186331
0.728428128064
0.656315172911
0.725588892698
0.688251814246
0.891148641407
0.797923053205
0.708525262773
0.875300956964
0.875539776683
0.624802116752
0.639787437916
0.785254362524
0.854156889021
0.658782827854
0.700009186864
0.944303056598
0.807535757869
0.754945999682
0.850157481134
0.815482539684
0.857104745507
0.765458147228
0.779293360263
0.626641164124
0.713389567733
0.63345336169
0.56102506429
0.664427589178
0.656235476732
0.568006922007
0.656321521699
0.753593690395
0.611918689907
0.75354587242
0.931862135231
0.766158509552
0.637945636213
0.691745859385
0.697746609449
0.703777495623
0.613084918261
0.740953162014
0.75471734345
0.740743272007
0.923053310513
0.784740706682
0.692167530358
0.572591798902
0.682402983904
0.631239710003
0.873844690621
0.939419368505
0.734615753889
0.802469355762
0.780532301664
0.851508153677
0.645725240111
0.702288814485
0.690265942812
0.667811016738
0.463494636118
0.526534289345
0.533662103117
0.588360974789
0.751144380569
0.627250977159
0.782673459351
0.665569719076
0.670551894307
0.80005071044
0.876904900223
0.654283954203
0.516602578759
0.70358848691
0.63227077283
0.636014293134
0.684007969201
0.532616547048
0.440939674228
0.677907907665
0.782927594185
0.676823360026
0.821479086876
0.748581264019
0.53911729902
0.581461779922
0.627104147822
0.702009021342
0.748721099496
0.653054291308
0.553058725595
0.798424817324
0.867944896817
0.522914951742
0.585364060923
0.692619674206
0.607034978867
0.625281313956
0.713479706943
0.64101477921
0.683761522174
0.618561889231
0.704040922225
0.6280671978
0.834621173739
0.744961924702
0.650740755796
0.807227986455
0.838323485553
0.557503546625
0.606709425747
0.736093633771
0.793253210783
0.623151668012
0.665365404785
0.877996378094
0.736903873682
0.683186354041
0.792430817485
0.715002839118
0.803317497969
0.741023254097
0.772831400037
0.591002012193
0.690957544148
0.584726520106
0.52293944031
0.627854736149
0.592344780266
0.511493072212
0.611668131799
0.70828254208
0.601302696466
0.718459407985
0.864240911007
0.717428648025
0.579361478388
0.635182639062
0.645887552649
0.690293117762
0.608190781772
0.704056656286
0.702502899468
0.699245471358
0.862944293916
0.768747820258
0.662263588011
0.53196182847
0.700497384667
0.606666523218
0.865757074058
0.884160577953
0.723315821514
0.772016207129
0.751860594451
0.844871522784
0.63873283565
0.699858556092
0.649825861454
0.623219171166
0.419941809475
0.529884827137
0.510497983098
0.550124973208
0.700703254044
0.58132961154
0.768619114161
0.656062516868
0.635878811479
0.767995488644
0.831298147589
0.682414678335
0.503427497223
0.673063122183
0.634547167495
0.614003736675
0.653012239784
0.535024370253
0.422058126368
0.658837205768
0.728952268064
0.646313942969
0.773084902763
0.721631717533
0.50184178561
0.560928877592
0.597206115201
0.642645668983
0.72319988817
0.637607823014
0.539617506862
0.760066276789
0.850740251839
0.505716400594
0.572097723559
0.661185117662
0.567035777867
0.598165019453
0.697259711623
0.63095390141
0.6522795555
0.598027534783
0.666355453134
0.601232488304
0.788592388332
0.698291498423
0.642313366383
0.756952841282
0.784717447758
0.544887301028
0.606393366456
0.717904276252
0.827369276881
0.599570538551
0.624805753827
0.843640361428
0.707389136851
0.672851923108
0.774934951663
0.690333367437
0.762232807279
0.660381491631
0.746991838813
0.556994413733
0.67903714776
0.607693808675
0.514420132041
0.607066034675
0.574598914385
0.518461637795
0.591548909247
0.70249062717
0.576602772772
0.691431379765
0.849430087507
0.695978961438
0.568527909368
0.611406785101
0.627270741463
0.630878100097
0.589970046431
0.704694322944
0.683491175473
0.685499199927
0.845991543233
0.731514834017
0.654423867762
0.54327976346
0.651362601221
0.585441459715
0.840586225092
0.862912933826
0.675173505545
0.722322308123
0.691762661934
0.798815043569
0.584886097908
0.670564874411
0.603357231617
0.591704294384
0.397293969095
0.498449897766
0.494198787808
0.524944750965
0.67674197644
0.58542363584
0.728864515424
0.607320012152
0.613422406316
0.746373819113
0.815174398124
0.646798942089
0.505926353633
0.664015327692
0.611162517555
0.579997510612
0.632367563844
0.503638467789
0.42093033731
0.633286044672
0.714239945859
0.635729180872
0.761652004421
0.678542331308
0.491403641999
0.541298875213
0.573536241949
0.61057777971
0.69399970144
0.592426804006
0.499860048592
0.746065754592
0.791150428653
0.480139407068
0.542493939847
0.641456423551
0.575755802393
0.576585565805
0.676556732953
0.583738667518
0.642629354298
0.559049137086
0.623770425022
0.541120168418
0.764446321726
0.662377522811
0.590553217232
0.73563639909
0.771709624529
0.486203185469
0.581599481106
0.660341114551
0.726394243538
0.583954206705
0.621451459229
0.796993461251
0.694250250161
0.634795995951
0.759235399067
0.656762598008
0.718494428396
0.660155077875
0.716552371383
0.55378649652
0.620230597109
0.556312256381
0.514932742566
0.571236930639
0.550964711457
0.503749237955
0.57428592518
0.666240793616
0.539038588107
0.673011912405
0.826341297925
0.728343841583
0.539165743887
0.58099786602
0.629633131921
0.590397623479
0.54192291677
0.658305225819
0.656968027949
0.626660498381
0.794841409028
0.694289190173
0.593659193516
0.503580401242
0.628829743862
0.58231687516
0.748570251465
0.846187913418
0.643561370894
0.70355170548
0.659796272069
0.816432781816
0.583295627534
0.638870128393
0.580752239525
0.606330194771
0.402075195611
0.505062499344
0.455024313182
0.507243046463
0.671076550931
0.572500022203
0.684325798899
0.621061841249
0.597045192271
0.706612591445
0.786619835496
0.603675680757
0.475486964583
0.63063610971
0.594965090454
0.550344575495
0.601576465368
0.492802117318
0.397461222857
0.612893406451
0.692028406858
0.604557052106
0.727113197744
0.661851699799
0.480417850316
0.48394414112
0.562956215739
0.623460051417
0.665463301539
0.58518289119
0.487563323379
0.732076755762
0.794955263436
0.455492387712
0.506006982028
0.600176835507
0.538495466113
0.553997651637
0.637135121822
0.557914143503
0.604673633575
0.530085815191
0.612303681076
0.52880385153
0.741418638229
0.624467471242
0.578991385698
0.715912290812
0.743150765002
0.488211009949
0.530451668799
0.654140765965
0.769341095984
0.563891892135
0.575224941969
0.766550781727
0.686433854997
0.624369790554
0.729611355662
0.648512075245
0.695367566347
0.617368668467
0.728531435132
0.515250429809
0.634189227819
0.570878726989
0.466117705703
0.559046591669
0.52884413287
0.451245962381
0.537930077016
0.661454674453
0.523063047826
0.630048693419
0.808280913383
0.684750175178
0.493007706255
0.588460836709
0.574661049247
0.599046317935
0.522672281265
0.645061065853
0.631042363346
0.624639708996
0.792048864663
0.673417477384
0.612307097316
0.480327903628
0.631703621149
0.531874764264
0.806751997471
0.808466699719
0.637724756896
0.679384566694
0.659200088978
0.775173012316
0.561553445905
0.629522891641
0.565105843544
0.569180008769
0.362924005389
0.460342313051
0.432658592165
0.496300584376
0.618996331245
0.528589943498
0.661224860549
0.569843389988
0.56715671882
0.678450773358
0.77806780383
0.579075942189
0.450109426975
0.59398186177
0.564742265642
0.531204330027
0.594918373227
0.485922269523
0.384476265125
0.602020037584
0.68246761933
0.568345274329
0.721711748987
0.640934262723
0.476419530213
0.498106764406
0.527775604427
0.60174426049
0.646561285257
0.547447336018
0.470188564956
0.709780487418
0.799781383276
0.437973344922
0.524118850306
0.614231172502
0.507134577632
0.52255879581
0.613661183119
0.532111568153
0.563781906068
0.515453714579
0.608244073987
0.500978396684
0.760868886709
0.601626940221
0.558981942087
0.671113556921
0.697378149927
0.463780989796
0.520823150873
0.63465950802
0.699448503703
0.527383735925
0.537070285678
0.741495110542
0.640225135386
0.572013671398
0.715228679478
0.627798505947
0.687652843893
0.626686784923
0.696420817897
0.486453569829
0.6516495803
0.542762252763
0.464285389185
0.563563082516
0.51781023182
0.452371766418
0.524785287231
0.639839354753
0.508092512488
0.657770302296
0.772805605829
0.643218595684
0.48460857749
0.544805598706
0.577159326375
0.56726602897
0.483267936856
0.610004676729
0.621786902547
0.609087105989
0.762919500619
0.631348497719
0.584299398065
0.459189896286
0.595979177952
0.529184507132
0.757424634993
0.760042975545
0.598925678581
0.64129574053
0.63908777982
0.764583723098
0.546759284288
0.590983301699
0.54307754539
0.527139776349
0.332499532998
0.428727130741
0.420721917748
0.468336815536
0.608976209015
0.525243513882
0.65387230128
0.548017680645
0.52264677383
0.63999532558
0.740460627303
0.549268992543
0.427579262853
0.553058775365
0.539544213712
0.52653732568
0.569471202493
0.435196687877
0.343119535539
0.58976108931
0.658463562429
0.534366943836
0.706562890112
0.589942470044
0.427930899411
0.491653506011
0.5133316046
0.583893701732
0.615893324614
0.528218797445
0.456154885292
0.689735332727
0.768263589889
0.423523038924
0.494877825677
0.583965570703
0.486095105559
0.489581697732
0.575326322317
0.496370295435
0.537602815777
0.498117256612
0.567270487547
0.478894022107
0.703885364532
0.612319838107
0.574418632388
0.660239621252
0.709647065997
0.450177733302
0.502190944105
0.593253602087
0.685099313557
0.527072076499
0.517904536426
0.739643096328
0.599637750685
0.556648591161
0.697324517071
0.603589203954
0.650222315192
0.591617926955
0.652367001027
0.47589269951
0.579353612512
0.538556541353
0.444849009514
0.534820694774
0.486478699595
0.419792448729
0.537941852808
0.643701586127
0.505101416409
0.608113967776
0.753052967787
0.65514506802
0.473133820444
0.532188948244
0.546557709575
0.545129438043
0.474522756636
0.588971367478
0.590357177854
0.567699552476
0.740102781951
0.601292839721
0.554044578224
0.433128013313
0.568750401586
0.51575116545
0.680788176507
0.776530306339
0.58322678268
0.629198072553
0.57150398016
0.743567197397
0.520867820829
0.579500416517
0.529273404926
0.51113974452
0.344626998305
0.416916092932
0.40145231992
0.460883693695
0.585837969184
0.49648714751
0.644956443608
0.532059893012
0.525395839959
0.607499364018
0.694754032604
0.531518236995
0.40064979963
0.525721013546
0.512728359252
0.492750163674
0.526915149689
0.419814276472
0.334703551531
0.554568259045
0.66233545959
0.529544078112
0.662323125303
0.600322463661
0.431263487935
0.434148504138
0.498945877552
0.556386151314
0.590733751655
0.50240249604
0.44940824002
0.623876454532
0.777561131269
0.388005332202
0.473998603262
0.540966332406
0.48494707495
0.475186160058
0.564411792159
0.484987809956
0.515677464753
0.479014388472
0.557448115647
0.458066080958
0.672962960601
0.556487535164
0.509707314521
0.633936081827
0.665873173475
0.422846269757
0.467840110958
0.563009519726
0.622753130347
0.506036653034
0.495335213691
0.661431942582
0.610763234794
0.529649820477
0.651595176905
0.603273554668
0.63492840454
0.572777274847
0.651405489743
0.457151784003
0.579129365832
0.506880936325
0.40913789168
0.517904492468
0.500097053349
0.419513386786
0.497852078825
0.585570691898
0.482173944116
0.591043725014
0.705299323201
0.605614104345
0.446794348359
0.474612436593
0.546697436124
0.52679758206
0.491369536221
0.5815561831
0.573355851769
0.522141067982
0.720907011479
0.617277316153
0.521588787436
0.420956580937
0.547946408093
0.50309062928
0.685338566154
0.720992755294
0.556486000121
0.601535892189
0.576099495292
0.692751747072
0.498048150241
0.552552998811
0.511269764602
0.485698010921
0.330499815196
0.398237989545
0.386486998796
0.441109025776
0.577307037264
0.464596167654
0.619404136762
0.515059329197
0.488148477525
0.608760442138
0.70092062328
0.534139461815
0.422681896687
0.543183803856
0.52083131142
0.480977888554
0.514785124213
0.397184522189
0.328512840196
0.514351447225
0.643011181951
0.500524801761
0.668421471268
0.557763196379
0.388228555769
0.424540514275
0.486264851838
0.527038725615
0.600714657456
0.470616725981
0.450457104743
0.634667684138
0.696388399601
0.388043557107
0.446172732376
0.530115652829
0.468943596482
0.437433870733
0.534688265175
0.497924106717
0.491556414217
0.433768850788
0.527412619591
0.447837161496
0.675247609019
0.549323549792
0.488426691145
0.611249097288
0.637625519633
0.385407886878
0.448650903106
0.573621988446
0.62114104107
0.481962235197
0.486969115883
0.683677203953
0.574156381488
0.514174010903
0.645064815134
0.600559211448
0.615643520355
0.56478600949
0.669393752478
0.482402733266
0.560338279083
0.500006431453
0.401919749901
0.520899324417
0.477531509772
0.398402837068
0.478726559728
0.578770425171
0.467055122107
0.571973361224
0.681357375681
0.581653246582
0.447658586502
0.471505756825
0.534006238133
0.53653210789
0.472814357877
0.558851726651
0.542767133713
0.506229051948
0.674389288686
0.588825220242
0.497722551227
0.427921699286
0.531689514816
0.479322661608
0.649402522892
0.734853875339
0.543258327395
0.586621638983
0.537607407868
0.701644272059
0.493270270079
0.527249745876
0.478544406816
0.475093950629
0.322204507813
0.389658005387
0.354783180356
0.433446838111
0.539438910782
0.444709730148
0.591824243255
0.5113149409
0.502478758544
0.60847738415
0.645643585511
0.502910583913
0.401439313143
0.497039476186
0.481838659197
0.46477053225
0.494859272391
0.399625346959
0.327091514906
0.507940375432
0.577274647653
0.460689510554
0.622144369036
0.577600380071
0.370609446913
0.410492895246
0.462357646078
0.523001657426
0.583032007962
0.467740444094
0.405337890983
0.620912089944
0.687516667098
0.377786203474
0.420735371038
0.51905169636
0.471523966491
0.434733434916
0.541015252471
0.482271674164
0.470260020047
0.422114805281
0.523202359676
0.419310089871
0.640732419193
0.505781655386
0.472417546064
0.584878120571
0.586877015978
0.388942520916
0.438125452399
0.53019478485
0.597839472592
0.459696212709
0.457887104601
0.6463205567
0.549690749049
0.512363065928
0.620376586169
0.555534182638
0.589105927795
0.535815301687
0.601318246126
0.427176308781
0.526723038331
0.478560355753
0.365688952655
0.476211874336
0.446233098507
0.381825631931
0.456184062064
0.563972545415
0.429659820348
0.546753322333
0.693732211143
0.577696463466
0.433616808951
0.476239212155
0.489970670342
0.513864796907
0.46360831812
0.563233124465
0.545352049172
0.501552481353
0.676941851676
0.555703367777
0.516109870076
0.388559121937
0.510375801772
0.467127765156
0.628806564808
0.693698537201
0.497926431894
0.537732745558
0.511845951676
0.667479348034
0.472484612837
0.543910732269
0.459008296281
0.452316374928
0.301916391663
0.379315933101
0.339245742857
0.428262313977
0.522001821771
0.42129559882
0.563085948527
0.503937512003
0.480528250337
0.531085958928
0.62522207275
0.486724025756
0.345609112754
0.480691668391
0.464953193627
0.441675367951
0.481519950256
0.379057304468
0.285632058699
0.478575216457
0.571498761624
0.43581469439
0.580784418285
0.54315594025
0.35170203127
0.368431794569
0.445378641039
0.518619763553
0.565166065544
0.450241304338
0.393691603243
0.582087878585
0.685332248807
0.383403452337
0.410212626681
0.49518222332
0.423864497989
0.391122315973
0.50910678044
0.435047746599
0.453765693456
0.398602487668
0.49401158005
0.395586055331
0.601324182302
0.480926326476
0.469690071791
0.551846325397
0.570485566556
0.388833445087
0.41299518846
0.536753311604
0.551120056659
0.433905612174
0.418244140744
0.600787940845
0.506407444254
0.492542247325
0.582854234725
0.514746882711
0.546330387443
0.501054665148
0.559072871208
0.396315541118
0.507272343412
0.465267356634
0.356861291379
0.456880062371
0.420590727404
0.382436170429
0.443912431896
0.532655887455
0.405037644058
0.533642181903
0.641926298589
0.552675841972
0.391279943213
0.434485031366
0.471585773602
0.490489252731
0.415703681707
0.549605184719
0.514440128207
0.470932731628
0.632109631523
0.528579565436
0.464573722482
0.430537960008
0.504778932631
0.450988469124
0.635301957726
0.67969306007
0.54536546737
0.552151949704
0.51946282357
0.656278432459
0.470280880332
0.52265841797
0.450422710329
0.452473124862
0.294408426881
0.379780045003
0.323491877615
0.406089176685
0.504036465287
0.411936454922
0.550311155915
0.473923109323
0.458365854248
0.525059948415
0.611837992575
0.457209207416
0.341628865302
0.442337210923
0.4519489282
0.412621424049
0.470966583341
0.368852754906
0.315538001247
0.464260017443
0.51992580682
0.444331711754
0.566665117741
0.525214985013
0.34522079438
0.347148884684
0.43075696595
0.494955202416
0.502613872439
0.44370747827
0.384630564004
0.571815953404
0.647693156898
0.373317552656
0.383075877316
0.472047136575
0.417649591565
0.398886731267
0.486743649766
0.425181033462
0.450632847175
0.406820992976
0.461129525602
0.394182465151
0.60198190093
0.458620792702
0.444311744273
0.536977372766
0.522909447029
0.350354508907
0.398529849052
0.504344207868
0.546334967986
0.433538218439
0.408430168554
0.584931208491
0.493511344194
0.435200620368
0.556979924217
0.491927332506
0.521400081515
0.486962658912
0.534242490083
0.400503480136
0.500127483904
0.440489605591
0.308247102201
0.429927129298
0.436419336572
0.328992161453
0.430213078521
0.51421020627
0.401034289002
0.518962726444
0.641867170185
0.566762605309
0.397426246777
0.420109597445
0.503479194641
0.457446617037
0.403791104779
0.503501894772
0.50611166805
0.46038923189
0.687078026161
0.510783002302
0.468733194172
0.370507305264
0.507552549988
0.452038915828
0.596037968323
0.664494257048
0.508968974054
0.534564390779
0.490725045055
0.640042164102
0.431844665781
0.481213571504
0.427862228453
0.404279647768
0.304483252019
0.349986497611
0.317955189943
0.390071228519
0.506600304917
0.416465090513
0.542980898321
0.449652471468
0.431913904846
0.527547458187
0.610640913984
0.433668626398
0.333188876361
0.463248355128
0.431844110824
0.404568384215
0.484986276999
0.331003233828
0.269255905896
0.430905077048
0.487857685536
0.420435165986
0.569931799173
0.508264498413
0.33063083997
0.337046288401
0.428351088315
0.480821740404
0.521604404375
0.410685689375
0.380519718826
0.562291948795
0.605860333741
0.332744912468
0.374998197034
0.440126233473
0.411077112854
0.380278139412
0.469322780669
0.421849289536
0.436488281712
0.365248644724
0.460940747559
0.379432629347
0.541903116703
0.426752138138
0.437424112409
0.510073061138
0.523216038942
0.332829436436
0.378972187266
0.46234023571
0.531405982934
0.417278990932
0.404933410734
0.548642142564
0.500721477419
0.444968789294
0.505801199265
0.473824139349
0.535797451735
0.497837388664
0.508350343108
0.378776120842
0.478522758558
0.42490294233
0.298987678736
0.414111922532
0.413573014438
0.360210341737
0.412926066965
0.482820563987
0.364290595651
0.506848280504
0.598912072778
0.520890794992
0.375306148976
0.415368519723
0.448197348714
0.470816966593
0.404790502489
0.473349751867
0.498737752512
0.460860950202
0.607657675892
0.484574702308
0.479324190319
0.378212304413
0.489968978167
0.430643426031
0.595584603846
0.63308949843
0.498994057626
0.506352919787
0.490590105876
0.632506486326
0.43777565524
0.495327946693
0.42828297928
0.426036202312
0.269421468228
0.337789276075
0.295919546336
0.383113464266
0.480544615462
0.40096483469
0.53669239074
0.450743592754
0.411325837225
0.515325568542
0.551008235365
0.443376550674
0.315752997473
0.441528795809
0.431324723735
0.391304010376
0.432244495824
0.321612793654
0.266444404116
0.439020750485
0.495011721551
0.412263282686
0.543842759281
0.4908015275
0.317879099697
0.325482407138
0.398867186941
0.452289978042
0.469430629462
0.407500237823
0.346572826356
0.525999305397
0.598552560061
0.339086055458
0.37044156298
0.424826541692
0.394522975236
0.353900585026
0.467128763795
0.393808297366
0.402644900307
0.365951571912
0.424313656986
0.338384603448
0.55234422788
0.450130696725
0.403313356936
0.484190950692
0.476585265473
0.324359456301
0.358859080076
0.482574832514
0.50878192842
0.39750226601
0.39376278542
0.520085978732
0.446002217382
0.410377879143
0.533848018944
0.468836838957
0.504932166934
0.479866808504
0.500599333644
0.357606111243
0.465331048593
0.409623697251
0.289748606235
0.402169374824
0.380249060839
0.345821048096
0.391036244333
0.443501795679
0.381029344425
0.475547654331
0.590115742981
0.503579635993
0.336025733128
0.388614511117
0.434420590922
0.457932051867
0.396189987957
0.48613457717
0.469202962499
0.41824362278
0.621999772228
0.48862765938
0.436242862046
0.372111006975
0.460533769876
0.398600231856
0.582418091595
0.603767440021
0.461162028015
0.504974846654
0.44292265676
0.595241177008
0.428165753409
0.4812746346
0.405186224952
0.409853324443
0.283223616332
0.315841494426
0.291314769462
0.386644060612
0.457125469372
0.372864288986
0.481475131586
0.41784307275
0.40610917002
0.467397407442
0.559647293575
0.400354589224
0.302772790492
0.429944358468
0.413408455923
0.394420056939
0.424724200219
0.306235118955
0.257792299483
0.421036351845
0.495259202868
0.393191393949
0.51006670855
0.503678330928
0.313227463588
0.308544345647
0.369572393671
0.461355360448
0.481511379555
0.392593502551
0.36521476239
0.54627783969
0.61845226258
0.328939559311
0.339178058133
0.428740038872
0.366155634373
0.334820681363
0.454238698781
0.379984775707
0.371339931935
0.34991887494
0.42137068823
0.33799888961
0.507381285578
0.420990525484
0.375828998238
0.459839448631
0.488745163903
0.311727195494
0.385156366676
0.456436713934
0.49464096833
0.409375728052
0.373866349459
0.505730428174
0.44667601198
0.427622262686
0.497722547613
0.440723422701
0.514738672227
0.448337787166
0.504318838343
0.354963810295
0.455753181726
0.408282209374
0.296895156056
0.398433080465
0.368905612752
0.326942234524
0.37880529698
0.468904801086
0.376300510168
0.466535400897
0.586369911954
0.498737783246
0.332475946546
0.389408908635
0.409407436997
0.406797707751
0.378902536035
0.448661764115
0.444522197247
0.402609552145
0.553645023685
0.458538223542
0.429040043429
0.32086364083
0.463835352957
0.417117088884
0.546128926948
0.616215460375
0.425175182819
0.489008499533
0.448727389127
0.592257067859
0.412721015066
0.468655166402
0.403264510036
0.395323235691
0.250823658183
0.336526232772
0.285277683288
0.368032286912
0.436099728867
0.377143845931
0.477972313911
0.386907949112
0.375611034557
0.451606025845
0.503223561496
0.385821257532
0.293566663414
0.388351595625
0.400798291229
0.372022042945
0.410352878869
0.297280027643
0.244230719246
0.413876359314
0.489813540578
0.398507153541
0.54501458995
0.463621498644
0.290857281387
0.317418212071
0.382583900392
0.402602778971
0.465952746831
0.383123210073
0.358623602986
0.505859513879
0.591591297388
0.317505932823
0.359918466806
0.387995212153
0.356709260046
0.324854585454
0.419297101051
0.376552962214
0.365654965006
0.349553289562
0.407078283876
0.342029362917
0.515466431975
0.411677335873
0.369790507331
0.446261896044
0.475610226616
0.31038676573
0.347510111779
0.433360280171
0.467812227905
0.367714932337
0.366036085635
0.473956598341
0.427574695945
0.383588172123
0.500740379766
0.446623968175
0.462028248087
0.42182270214
0.521692858264
0.358005055264
0.488023509663
0.423836321421
0.291484722197
0.370064711906
0.373967239112
0.309024308883
0.368492698669
0.457326241136
0.369961161837
0.458482601345
0.534205960184
0.504371032566
0.334659824967
0.404957747459
0.427391530573
0.42188819088
0.378378350586
0.45869443655
0.441467219144
0.405415035039
0.595863562934
0.438866386935
0.434043247551
0.347642043233
0.434529388547
0.391690216362
0.519334025681
0.585410820991
0.431908198595
0.490361120775
0.434339095466
0.565330190808
0.397448597588
0.453118472025
0.41048394151
0.381122630835
0.240937290192
0.309331059977
0.255112383887
0.343063662685
0.428489969596
0.364256323278
0.466394651234
0.407708773389
0.386083097979
0.45324188726
0.464108005688
0.37696217522
0.286903969944
0.357306737583
0.383146051988
0.355785890073
0.394728082344
0.302000501398
0.234358417522
0.386075025201
0.450464333072
0.356807045937
0.533304375112
0.46507455023
0.275438115876
0.283201924339
0.351569019658
0.428926834762
0.50314522393
0.354499061033
0.343957043141
0.510695411414
0.539496099949
0.280525266491
0.354341125153
0.3761983262
0.336044877023
0.342780123428
0.444439985976
0.321789257973
0.360647298396
0.30365692284
0.397217398956
0.316402838286
0.483342749923
0.386070837826
0.35395808991
0.452550192401
0.436468118057
0.272306090742
0.328027981892
0.407537090704
0.438229039609
0.354242138276
0.346798168235
0.461733074114
0.391746222489
0.375288919695
0.477245452106
0.406817928888
0.476841801107
0.418993641548
0.452808495574
0.324782136232
0.435522751622
0.387251427434
0.280536837429
0.332916030511
0.350034470111
0.284967798628
0.337067681625
0.418981094658
0.339789769351
0.455803024024
0.523858464584
0.472068082839
0.314272750318
0.363999830596
0.388767723572
0.407001888901
0.334038837403
0.441782816052
0.442288971245
0.388369774371
0.554297907092
0.440729746986
0.436699753553
0.330053485781
0.455925336927
0.388360047936
0.489711522833
0.55738119185
0.42485606879
0.446760121696
0.421821539626
0.570685553402
0.372208887935
0.451800656468
0.382971119285
0.333909488618
0.227781595439
0.300101843402
0.240986325666
0.354072271213
0.411457277834
0.345350469425
0.436823798716
0.387601113431
0.371252242438
0.425679121688
0.468939164169
0.374813068099
0.274140074588
0.374030507877
0.352510094605
0.342977031469
0.377166492939
0.276945023052
0.248385450244
0.392960482705
0.509469498731
0.357091317251
0.482629451677
0.44580098927
0.288781118728
0.277043087855
0.33728354577
0.3723751311
0.459805542417
0.388606974483
0.326120322049
0.483032990396
0.515221669003
0.293125778027
0.322851872183
0.373970020562
0.332555513605
0.317124739438
0.397707936354
0.3359008573
0.326373507977
0.285144084189
0.371252077371
0.294895267487
0.460297141522
0.341065902859
0.344335122816
0.430748262405
0.436320055798
0.27995720949
0.340368747041
0.373518191278
0.450825105831
0.33638191889
0.346315341741
0.450342367664
0.374426532984
0.355858809203
0.453256357685
0.371203736737
0.438081206158
0.40724645596
0.466590745673
0.310438361466
0.398744351752
0.374562540464
0.253430392146
0.317611205243
0.339688713476
0.313415989727
0.336120364442
0.418883108571
0.325306353718
0.420627785809
0.481154710725
0.426578504071
0.300506551415
0.356926941872
0.38035558857
0.370508987233
0.30895800598
0.402025068104
0.407110538594
0.36496743612
0.537700057551
0.429558053985
0.397526736856
0.31447506398
0.393044975102
0.371620654613
0.470361771435
0.537662394792
0.387220180631
0.431347753555
0.410900582522
0.537218431756
0.36584958192
0.443327311277
0.357480291873
0.356552687138
0.21709864758
0.282927852347
0.247940184325
0.348978772163
0.38421687521
0.333533878215
0.431516549364
0.380962173361
0.377462823093
0.407620602548
0.465969224777
0.342385850698
0.239382623993
0.331094815582
0.345979158562
0.324953559488
0.359673642367
0.2616677434
0.233447870947
0.373892619237
0.406516730264
0.320155210402
0.489682900868
0.430845782049
0.242397023067
0.256375012286
0.335588155314
0.382491080873
0.403456043676
0.348648924381
0.322286168486
0.464550708681
0.480436561853
0.283099201694
0.30502605903
0.365440990031
0.34054309845
0.304865839556
0.366318633333
0.308089487627
0.311436846517
0.279375466052
0.351791494638
0.316602647379
0.443578693941
0.355286876261
0.335693982393
0.417759394944
0.412381621152
0.285485715941
0.334786992893
0.349194348697
0.426616942193
0.336502739154
0.355828436837
0.458857462779
0.381044841036
0.333010996953
0.442793070711
0.397824772596
0.414707202986
0.397517196685
0.398271716461
0.307134024352
0.387308816314
0.36024312444
0.249588068053
0.343421070185
0.343977092355
0.294705158789
0.324193625571
0.396748283412
0.281853985339
0.402951818071
0.503621342257
0.449092720514
0.260691401437
0.327919034511
0.356388485394
0.372011693269
0.298319660425
0.407385804206
0.388239032403
0.347309435457
0.482296657879
0.389919889569
0.368262991495
0.30164978981
0.392895512432
0.352686242089
0.47708321549
0.504432145916
0.384967714399
0.435299941525
0.38494480893
0.544393382706
0.363934518099
0.407353593409
0.34388774503
0.336985458881
0.228042934425
0.269699715935
0.245420643687
0.324832301997
0.384923547506
0.305741225779
0.410128923785
0.383098142631
0.355820496455
0.390617181286
0.441372491438
0.350120050088
0.253200471196
0.356106167147
0.333842663988
0.311748341247
0.351144630015
0.237322338987
0.214248483572
0.347040084731
0.401396088265
0.307945756242
0.424920140542
0.412615956999
0.240213858485
0.258742324263
0.298632534686
0.359053789899
0.389869333766
0.322017185427
0.308059978336
0.441258739419
0.488151772469
0.265487638414
0.297524601445
0.345524774864
0.301304061562
0.276650995165
0.364428751133
0.303979928046
0.295111000985
0.261417801855
0.34654304713
0.275614176393
0.411585368216
0.333468903042
0.311128567271
0.381623140648
0.415641394109
0.235118704345
0.276924970374
0.357638334483
0.379015152529
0.308183570206
0.322831430584
0.409712201506
0.362421519998
0.329941797853
0.426520299986
0.358390412647
0.390675497167
0.378642254472
0.377153211981
0.298573999852
0.373439813443
0.360811718553
0.215109384917
0.309127918202
0.32137414746
0.284023842514
0.306822504299
0.367249379084
0.2984636572
0.392121917065
0.452671875954
0.458276968747
0.282658547498
0.31390406318
0.341694062427
0.350948792621
0.295820083842
0.374817333221
0.365009000786
0.347935336381
0.458764244877
0.380432256274
0.363188597448
0.272907636166
0.384523464739
0.352594593465
0.455391447842
0.519315562136
0.370112746134
0.420591823831
0.37908660695
0.523269581944
0.359102974832
0.406447514892
0.320118437596
0.320188843235
0.196231434457
0.26427271612
0.240496766716
0.317506072856
0.392923601214
0.302553200983
0.415972624868
0.341792057194
0.309311180636
0.376545911506
0.414257826246
0.33646740403
0.232121229656
0.325375232399
0.320201329021
0.291558475792
0.329591657221
0.256824435182
0.202079418558
0.337459271252
0.400795821398
0.287836700827
0.408903448433
0.374993286114
0.239764345028
0.255682359524
0.323940186948
0.340828526467
0.383294366151
0.295217746012
0.301695248559
0.444332519621
0.475084714815
0.24716327101
0.29481718706
0.339624744914
0.295791357681
0.26531783428
0.357872428149
0.300056032985
0.304656292126
0.249014766309
0.34153129369
0.278842234462
0.407126187757
0.32967025971
0.29980664812
0.372901951447
0.359571936876
0.229270042963
0.258708283082
0.327216104232
0.395356168598
0.313896944765
0.302031535804
0.370863907263
0.32785346061
0.327118140981
0.384015685245
0.327012786381
0.380623794571
0.364520315491
0.364016399663
0.280256747752
0.373045525365
0.331556855962
0.19332634354
0.29628149556
0.290568677634
0.266351070553
0.286723599769
0.34882568907
0.284422013462
0.384692219831
0.454908640832
0.410544146597
0.275611190437
0.29981615752
0.301552127376
0.319150936976
0.296506331488
0.367451620921
0.325500714332
0.322497805953
0.461669502556
0.380845723487
0.365008211248
0.276366511472
0.362382249758
0.348334633559
0.447891918421
0.491901916862
0.373266799785
0.411041159332
0.340486495271
0.508794847839
0.336102400273
0.389625225626
0.338548828736
0.311042998135
0.193647090085
0.262709212676
0.215018929243
0.31022836931
0.36397309009
0.306308172122
0.378853203729
0.339907688573
0.320926342458
0.374404922836
0.430417659804
0.327701264769
0.232389014456
0.315777629493
0.282410447001
0.294175336808
0.340545506701
0.239525885643
0.200491461046
0.30548079405
0.347310624486
0.284468203112
0.389496686384
0.393611410148
0.217583452924
0.223729187921
0.291060665175
0.325236577839
0.353156673871
0.270998041593
0.295846899673
0.397687712833
0.459585828744
0.245130030215
0.2701819932
0.336409686543
0.293403476775
0.262906035222
0.353484782167
0.294636079781
0.274364602715
0.255422517657
0.340887005031
0.265409017764
0.39628642574
0.292482770402
0.296045297869
0.338837246671
0.336102894098
0.236869361531
0.258611915074
0.304932312984
0.343981252462
0.301101590712
0.268628697768
0.341614339277
0.307913307808
0.304795674831
0.381142154057
0.339209985025
0.376969709396
0.367966982815
0.36032810634
0.295855039209
0.354300580397
0.315667041652
0.224196830504
0.285647351826
0.287243399657
0.249859708548
0.262894365974
0.360980385616
0.30034869194
0.399156703204
0.459703745246
0.381066835783
0.262276130989
0.286424655281
0.299478972815
0.312159453072
0.266870660186
0.349659331851
0.321204135008
0.359340666682
0.439120127372
0.360996480025
0.353222142793
0.283588077873
0.37193434231
0.340313735195
0.419731953442
0.470776343532
0.345389332511
0.372157948986
0.320436626449
0.487535892129
0.32657727655
0.371994431801
0.318207964711
0.293720480576
0.194294502586
0.257109118178
0.23054004427
0.305053283237
0.348623731658
0.294565429687
0.392924228981
0.309096059641
0.29173931703
0.341892976947
0.382366443742
0.306092806906
0.220801147968
0.292103569657
0.290890017785
0.284256628677
0.340455203578
0.249321402851
0.204752724282
0.303020926998
0.333022323735
0.270547887124
0.394636003152
0.358856489267
0.217592184301
0.237010850087
0.277521451414
0.325305035003
0.344678918235
0.264554747455
0.278465270959
0.405446003228
0.43184427496
0.239525895528
0.277321541496
0.298465477303
0.282383998707
0.237968334034
0.303126671202
0.266405950449
0.252532859892
0.232305032462
0.291158611961
0.267603128804
0.366829044484
0.284161400795
0.270604632515
0.33780594755
0.334338080678
0.239182453435
0.245771979615
0.317432033643
0.350607289039
0.28884257012
0.270960075408
0.344258040898
0.288446007967
0.308584860004
0.370349528585
0.328034307919
0.340763141662
0.322405559681
0.358277748898
0.291111619361
0.352777599953
0.335222687535
0.195568045266
0.275874356676
0.289406773672
0.252988387048
0.281132738404
0.336127363145
0.252265921757
0.383850892484
0.445949116424
0.375881488556
0.269512530025
0.297322756015
0.294853249118
0.288921505213
0.246371248849
0.332582608461
0.324125914946
0.301760300919
0.410523054041
0.340286263824
0.316416251287
0.260209204555
0.33307536833
0.317146984339
0.406398658976
0.464708543718
0.350174939744
0.376630849615
0.336874426156
0.477450900376
0.336304225698
0.354543457441
0.303853361253
0.303240554146
0.173890275583
0.237587805763
0.195324870236
0.29393072173
0.339104993045
0.264087083917
0.34676785104
0.292785014305
0.280717368647
0.313389611449
0.358916011751
0.293638024554
0.210539459195
0.293895935565
0.287694258187
0.252084267959
0.308349080943
0.202625567284
0.170866349284
0.278115659952
0.334312104583
0.28099397704
0.396010202542
0.375037331805
0.226433432456
0.221700872518
0.277316949554
0.294665649012
0.350205560513
0.273055092953
0.250379881412
0.38073548831
0.432144171856
0.22587371096
0.243517077267
0.278326574676
0.298699351475
0.235047629923
0.314228864089
0.247104687914
0.243294562958
0.235025833957
0.291620856673
0.239685920551
0.358660999089
0.272233226001
0.256052745208
0.322068273574
0.325265442878
0.209744009674
0.242742546666
0.271648524404
0.365214261338
0.267700559106
0.26067554934
0.327047420358
0.293451364972
0.304795072041
0.381289903186
0.345881461306
0.354009367302
0.324546813816
0.328326429185
0.243660130873
0.345368713168
0.308068571836
0.182649304233
0.236928852201
0.262887951061
0.232216364574
0.253462659232
0.308511954788
0.277878496125
0.348919161446
0.427976673916
0.385056507997
0.234203006588
0.273477881551
0.304717615135
0.279445450325
0.253468553163
0.327156906612
0.312959690839
0.294311073944
0.409052510802
0.350254716016
0.310275324956
0.243995068893
0.323521248028
0.299881922528
0.397115472173
0.418124836721
0.363080271985
0.36530205287
0.325248921365
0.42178438738
0.319985823333
0.338166180886
0.300965787098
0.283383850865
0.190830497518
0.232670884989
0.196401903741
0.280764864124
0.351727497652
0.263352992684
0.323589199036
0.306047012638
0.271067093983
0.326885107644
0.351065647919
0.316574114598
0.189374815617
0.28420049727
0.267224302031
0.245509586707
0.261575164199
0.20667304771
0.175394004136
0.281066659242
0.340419887993
0.262952746404
0.385829138905
0.384092004187
0.20814571552
0.220407074094
0.271456053946
0.293980130404
0.306580269821
0.265861736443
0.232061220109
0.366100415401
0.439850756377
0.21930063542
0.23876380017
0.273697646223
0.256777910367
0.229436604232
0.309041304253
0.242194959298
0.236054152958
0.214052874325
0.28050697092
0.237521429323
0.356629718319
0.282381358705
0.26489796489
0.332975376397
0.310626197979
0.190746538676
0.237509504333
0.266738854572
0.327990821078
0.247780753616
0.241647533327
0.326482637599
0.290660440251
0.276989351958
0.332264248151
0.30744768708
0.326632723808
0.292649095692
0.30332865742
0.233084976748
0.268619516455
0.278998140953
0.167939106897
0.220674808007
0.257339276448
0.230118178017
0.25559980683
0.316224792092
0.244052852038
0.328077612072
0.40657569224
0.343758036066
0.223074686527
0.264329943098
0.278106258921
0.292988215536
0.212946868353
0.31197609812
0.290346560739
0.279315268435
0.415206613732
0.346789026875
0.316515517533
0.253019082807
0.35162172718
0.302112781107
0.336549641415
0.393089425154
0.306180254519
0.349296724275
0.329916612543
0.418297419995
0.294501072206
0.3406209727
0.27194855988
0.259165199697
0.163263237663
0.209715974629
0.187530277446
0.274449706944
0.323535321392
0.261078785434
0.346617317609
0.299903744888
0.269279214479
0.312459807917
0.330421572141
0.262284543328
0.195086572357
0.280700388178
0.271144126337
0.231692491584
0.286457402818
0.175914475322
0.149484485444
0.251767123528
0.323893645816
0.261800106838
0.364275249951
0.339318700004
0.211815794446
0.215122885481
0.242780025546
0.28953304369
0.306229742058
0.260814660415
0.241996829053
0.350198681504
0.380186893791
0.215260780491
0.236203954853
0.248239702359
0.261628986895
0.213042628728
0.280286809634
0.232580022551
0.23538218366
0.202661650842
0.278316840082
0.209749210009
0.304488583505
0.251550650597
0.243518339619
0.310613453742
0.2813551265
0.189736586902
0.203054877967
0.273675477635
0.288854330666
0.244417773774
0.231188204754
0.28347440917
0.281671632975
0.251804942377
0.304684687406
0.281330744568
0.292568200976
0.294905431978
0.279355301443
0.214705377184
0.289153051004
0.297945816852
0.174118496589
0.21780970376
0.246090233475
0.215649527162
0.22739849288
0.282982212082
0.224036386497
0.329276023954
0.35275213236
0.326896669418
0.213520962726
0.244265756272
0.28265739318
0.242556843013
0.23151044257
0.288738729209
0.283325276822
0.272682584152
0.344940957669
0.328928446388
0.300745514631
0.239572972059
0.313474005312
0.281798538789
0.33884710528
0.385008107759
0.292529351823
0.32614472799
0.27588895794
0.415011594798
0.26777913291
0.312820468117
0.255051436871
0.259082511291
0.152638457548
0.191799412407
0.170894684978
0.256710911877
0.311784763518
0.236396816894
0.295382651873
0.282717245221
0.240522312
0.280656897426
0.307045675814
0.279733914584
0.172924493775
0.256223451998
0.243087897971
0.239108273685
0.289338264689
0.187131545134
0.154244249053
0.257815023353
0.314229926914
0.222671146616
0.316036786512
0.322039592974
0.18342795358
0.186671714522
0.225552364616
0.257189009227
0.310359261855
0.242744116522
0.237707377225
0.337013774738
0.364207333885
0.181994668376
0.207698624386
0.260370303262
0.229865529872
0.20835663937
0.285831091981
0.22705203142
0.216613287749
0.190588728227
0.259216010831
0.189680384286
0.327200546972
0.241408199966
0.210268068537
0.284694183469
0.283782249056
0.194220863096
0.217400259934
0.245481504397
0.284584890734
0.236347396933
0.213551102951
0.280095807873
0.263870893829
0.242027884908
0.288837524187
0.286154369693
0.308153266571
0.277941176109
0.282003661022
0.197870710064
0.277518097088
0.28208273056
0.186240104157
0.206199241802
0.239230979532
0.222947839499
0.235486944839
0.293492736407
0.202638653405
0.314711473733
0.377764051892
0.335958283395
0.197681840577
0.239574761176
0.258214582875
0.261865563206
0.197972385846
0.289092023633
0.27902512297
0.260561228693
0.355722892103
0.325267150318
0.265755494311
0.213643587306
0.2957821187
0.274766986258
0.331857726388
0.379086732976
0.270102742836
0.300928613441
0.27795251267
0.390475523919
0.251192277223
0.312777111344
0.258439831939
0.275877066702
0.153207217716
0.204705917314
0.175613713712
0.253893703315
0.312810806427
0.234879205087
0.313466382399
0.254771958888
0.250336031243
0.266526108459
0.313306659553
0.257555361986
0.161373630958
0.249634274729
0.217842592262
0.223380196169
0.243385701105
0.203258195203
0.148803397121
0.274619846893
0.306524301805
0.232072406262
0.328737718854
0.299025542364
0.177781803235
0.189318780005
0.232248552777
0.247932091011
0.272279205378
0.236420088001
0.251545072999
0.331832536086
0.398075608704
0.210120652821
0.218512936989
0.245407906286
0.224034609124
0.196240516063
0.271474658921
0.222030895725
0.207327705063
0.199879092011
0.256815944985
0.201003072746
0.317321336288
0.26360846092
0.205551976804
0.274309548996
0.288370230086
0.184620633498
0.204096075352
0.227395599224
0.280863392837
0.238340476705
0.213591384534
0.261220790278
0.274034789428
0.258113127351
0.306336331181
0.267929189815
0.295739421295
0.287045421228
0.283826347925
0.219896321148
0.278738815691
0.269588284753
0.175216625538
0.185389337102
0.22400811743
0.215179618597
0.225469315462
0.267300302649
0.226215299107
0.289282399863
0.348359453529
0.315381375141
0.19045494182
0.22660030745
0.256749447447
0.271889894744
0.210495615248
0.276894714423
0.27230295904
0.236439667195
0.344927013613
0.293080104832
0.253833116218
0.21801639691
0.279277709164
0.265135428756
0.297964000236
0.375839693816
0.276554234121
0.339251858443
0.276470581479
0.388660192303
0.274252990633
0.300439591696
0.262452979218
0.251256957985
0.16318596907
0.18094681751
0.160247425884
0.270742070898
0.299987042919
0.242536361516
0.312692805827
0.262252117805
0.246106718015
0.264708708972
0.284832836613
0.251935559325
0.189465012066
0.229400773589
0.230682315715
0.230681404658
0.24487061888
0.157664616331
0.140353622437
0.255442713602
0.292934882389
0.225263570836
0.317499196604
0.29567820509
0.161853212304
0.16898432604
0.242090114951
0.227974650636
0.239254943477
0.211912705088
0.205678902473
0.302984453067
0.338560934328
0.198645795668
0.189517703578
0.22136985492
0.218118049651
0.188941049501
0.265754235685
0.24224903211
0.215579003328
0.192792837545
0.235364220217
0.197135533057
0.287043684795
0.248964226712
0.205267917579
0.251038544048
0.273778903224
0.170447813952
0.190730656125
0.211205328126
0.247197397249
0.212927352078
0.209312561676
0.249007034386
0.261959901918
0.225413534921
0.283761809776
0.24420260652
0.296295423917
0.261902985051
0.247337863399
0.193746787142
0.263013228122
0.245296377502
0.157404337581
0.197277855454
0.218885301277
0.195420763344
0.224419256933
0.252147684135
0.198917745464
0.289248761833
0.357671564613
0.272853281498
0.195016049072
0.201783438437
0.237269943198
0.240209709406
0.210753034875
0.265504450221
0.255377346352
0.234316892903
0.320903389975
0.274465204645
0.248291388303
0.22746883601
0.27119793091
0.246124431677
0.280059259497
0.355474410206
0.249387977868
0.313381988555
0.266495974176
0.372153152004
0.230716151167
0.265882368479
0.231055548936
0.220576562546
0.139103504568
0.174696563222
0.153492433056
0.259043466598
0.273944734782
0.223022384588
0.276499098949
0.24740215309
0.198557048291
0.266713180076
0.289766781647
0.228994532041
0.179626795575
0.22861062902
0.200653359313
0.202483338788
0.22277520448
0.159933337066
0.129701742069
0.221220089719
0.267203609124
0.19529667465
0.283463849798
0.291904391423
0.14285385693
0.151938332692
0.193879166543
0.211500071976
0.264379908126
0.195272183269
0.204319851547
0.282730451599
0.318691406064
0.175582426926
0.197691101413
0.198759858236
0.218900119215
0.190631404817
0.26575041486
0.231631557737
0.205990569778
0.1880172467
0.210732944459
0.194167944342
0.267368622832
0.201807808932
0.189550313745
0.247110871822
0.260039005354
0.176049462368
0.190290829558
0.224324665982
0.265723136328
0.199692298993
0.203329740139
0.238470915295
0.23049620349
0.206399060525
0.282914957013
0.226957665039
0.279380977591
0.233766689003
0.233662744323
0.18477153834
0.262215595935
0.259039543159
0.134914150275
0.174738548305
0.222647287697
0.185830289647
0.188856908954
0.25069997387
0.19402731156
0.2539328596
0.339653997384
0.294441908374
0.173413765328
0.221533889687
0.233842632398
0.246029425096
0.181969673075
0.257271572575
0.264623581693
0.228448210396
0.308163269914
0.268391361237
0.24732813172
0.208844180852
0.256700851582
0.246624065116
0.253668490313
0.31240916545
0.257459355518
0.29541481117
0.25856848754
0.352336395606
0.244365522936
0.281385042965
0.224874554537
0.223131473958
0.142640231401
0.16527054403
0.166562438924
0.246769237164
0.28041415114
0.210323408544
0.254411624409
0.242833228223
0.21879022114
0.249154239483
0.266330387816
0.232470599394
0.16711776494
0.20594928137
0.192633684836
0.202406169325
0.22180787921
0.144977529412
0.157069125078
0.200448453953
0.243040371928
0.189423713591
0.289220327772
0.301032844801
0.145662934929
0.175660778321
0.204403612325
0.225601534825
0.237903151605
0.19000492081
0.199652000479
0.315070102662
0.311977002323
0.171344344206
0.207969086897
0.213615895063
0.215408378914
0.17572005488
0.25348774814
0.219527908107
0.201888125185
0.159471859362
0.216167400144
0.181477277372
0.255215813369
0.208689128617
0.194153088909
0.236590851769
0.256588426549
0.176550698057
0.179247928001
0.21814677259
0.227277392885
0.210721424941
0.196887944094
0.240551551692
0.211353462972
0.194027339593
0.260769437393
0.20753119031
0.252738728598
0.235327452365
0.221002171123
0.194024096355
0.233868422322
0.235751153156
0.145491020816
0.179117053151
0.231202324554
0.179459633715
0.204606463201
0.227383521665
0.199839745108
0.263384012654
0.287722983919
0.25998714719
0.171689180844
0.192399139255
0.202823978784
0.230020340849
0.167663569301
0.233286963739
0.265297505055
0.214979845379
0.306856919201
0.261788923591
0.232887307368
0.197266634703
0.257688493915
0.230685197879
0.254111178741
0.286484947344
0.223246410191
0.281288360283
0.238332143277
0.351819505747
0.226150043402
0.273524248078
0.216128689079
0.194555452056
0.114589921739
0.147392724212
0.145628184658
0.224639569186
0.22813462453
0.207750490326
0.268931353241
0.233725015791
0.201039161086
0.232975584585
0.226109309681
0.212169035114
0.161345303366
0.203867233964
0.203695410155
0.188994007558
0.220762605891
0.15557185797
0.127212017607
0.187684791749
0.240957560055
0.183823509514
0.245753727313
0.27978921812
0.135063548083
0.148810394173
0.197349725682
0.202236721953
0.241820529345
0.174488704912
0.173217197116
0.276061007772
0.281064654812
0.175725160036
0.180307261785
0.228872165494
0.210646451339
0.179486876167
0.220186902257
0.165787495216
0.186295666136
0.159862209498
0.202042252012
0.159072897965
0.241164208837
0.203214777946
0.179246863716
0.237050273716
0.220908778906
0.136808600109
0.181440019011
0.197519654632
0.226015177462
0.190911582313
0.197035630681
0.244655573294
0.193863489302
0.167083894759
0.250669991225
0.197924923645
0.243169828169
0.209214936383
0.173323711501
0.164707841985
0.218325765356
0.224511002544
0.123565509273
0.154939618171
0.195237647556
0.171840276215
0.196211369503
0.240530661149
0.178452572133
0.261652898584
0.345291910097
0.258159300145
0.168223421462
0.197662682682
0.219356135
0.221589553207
0.169846144114
0.235271291286
0.217635500329
0.195437663142
0.279258407205
0.227064924203
0.205907307197
0.197284050155
0.224949769042
0.215298814289
0.23470721283
0.275134591758
0.234328597765
0.254726368329
0.208437105305
0.335707464516
0.209131867094
0.246968104411
0.207555576544
0.191305790748
0.122929467596
0.15474420839
0.121505720541
0.211532604918
0.228443372324
0.186689123632
0.254305797219
0.223132027779
0.180091734091
0.210435937671
0.234266249957
0.203149371594
0.162880033788
0.186099905455
0.173727633199
0.177501479294
0.20689657744
0.138795246528
0.133661720725
0.183844100684
0.234426117577
0.171593392696
0.241680425606
0.250378670162
0.127963531772
0.14081221737
0.189802758582
0.208865827955
0.228395836395
0.180316306502
0.17564254567
0.239403697364
0.277206130754
0.147623139406
0.181870440841
0.186704957001
0.185633170716
0.16839975276
0.196135794334
0.167585776495
0.166123484243
0.160378637947
0.205609274153
0.153853463831
0.220481225159
0.177607031986
0.186095660999
0.224398172945
0.217924101017
0.13276454173
0.165836314745
0.175384261739
0.2150158008
0.173538324591
0.185342796501
0.226098224074
0.191661688928
0.191721495027
0.221000605673
0.198505884539
0.233033971246
0.232960186545
0.195291741956
0.164202636667
0.209304971113
0.22663165262
0.114097826473
0.139313138148
0.19570770327
0.186849223711
0.191735110837
0.222789042071
0.172298492882
0.229977890141
0.267968539204
0.235489944108
0.14332995236
0.189033964556
0.189424111785
0.203989782715
0.153343926929
0.203299290985
0.232188906055
0.200013915272
0.267479757327
0.227388660107
0.199774898039
0.163355844952
0.225142159387
0.215624524718
0.226127575189
0.278450122345
0.213309386615
0.243015669845
0.230242323801
0.319761331603
0.19444935617
0.252683835439
0.195096926987
0.199135052226
0.112418475859
0.156136299614
0.131208261251
0.215950656403
0.224034293483
0.170766542638
0.216040827902
0.227464770172
0.173218120914
0.219632894807
0.223253199141
0.182926043123
0.138965558331
0.200357621945
0.17553555835
0.167636490446
0.183607296087
0.139100780003
0.116208126768
0.179169885302
0.211386092026
0.152231314369
0.226945832996
0.235716871712
0.136634828839
0.133999991491
0.171989260539
0.17814587215
0.221643838608
0.145606076922
0.16289777847
0.235464711357
0.270743486164
0.159660852812
0.149945214224
0.166038129032
0.187503013983
0.152290949579
0.195635805875
0.166332542859
0.170688029788
0.135307856926
0.178027906213
0.152038555751
0.213192686532
0.209864861611
0.183990207957
0.206532745585
0.212809342667
0.144805989843
0.172330968082
0.194213639945
0.199248637129
0.183438411057
0.176620475091
0.206640499905
0.205414026342
0.188668832853
0.233787344471
0.203892823346
0.222946369052
0.213948561316
0.192185337897
0.157180416472
0.198464270602
0.223559879977
0.109296557792
0.141492692397
0.169236476962
0.132103253901
0.179244202124
0.206059654485
0.174538233764
0.227944544917
0.259797388501
0.233536608201
0.135596266594
0.158302254956
0.204512170739
0.205224431269
0.148536738232
0.209882786125
0.200876871739
0.214296872932
0.253393036649
0.230579764061
0.19035176916
0.170627700351
0.23270017352
0.21771977827
0.212642200179
0.267362752678
0.22122833617
0.244094883204
0.229310433194
0.310903206281
0.188290535314
0.249522060016
0.20454145126
0.189899852909
0.106651618788
0.140973699652
0.122341694403
0.204587959656
0.219263114296
0.169944651136